988 919 910 845 777 765 754 750 733 719 664 632 568 563 466 452 320 300 244 242 182 126 117 107 70 38 23
959 949 929 880 876 866 864 837 803 799 790 753 681 675 654 633 618 600 567 529 483 475 463 406 381 355 342 338 314 312 284 282 269 240 196 191 175 172 168 113 110 94
975 869 849 833 787 761 666 566 562 556 536 531 531 409 366 256 248 193 186 151 130 117 112 40
988 878 856 839 817 805 750 736 731 705 592 554 543 496 450 444 397 387 358 307 292 271 205 191 159 80 52 37 31 7
945 904 838 799 782 680 577 564 504 409 409 352 343 306 156 138 101 82
986 957 950 948 931 889 793 773 728 726 693 666 653 627 574 546 537 522 498 458 440 434 421 420 406 395 391 386 349 278 229 225 191 178 146 113 90 70 67 53 38 34 26
978 949 805 750 598 531 487 404 398 333 227 127 114 101 40 19 4
1000 987 983 925 866 865 793 783 695 661 633 621 580 544 472 468 464 444 440 421 343 277 270 229 199 174 114 96 47
961 879 866 616 606 581 570 563 557 551 531 507 492 487 466 377 346 243 239 198 197 163 133 97 60 47
933 894 770 751 570 533 529 526 481 437 343 335 326 294 202 196 191 185 182 82 59 38
987 948 877 871 861 633 630 592 554 548 539 537 511 479 330 314 198 176 169 128 110 94 56
975 910 888 866 854 814 807 740 734 692 683 629 595 504 453 442 412 384 374 347 312 304 260 167 119 81 71 63 5
995 963 908 894 887 885 861 856 760 736 735 729 729 715 703 683 678 646 625 608 595 574 571 563 497 268 209 108 62 49 47 44 39 26
953 931 892 784 713 707 664 635 572 479 407 406 400 365 357 343 330 314 236 215 200 197 168 147 118 97 69 10
870 824 800 758 757 728 727 676 673 604 601 590 563 536 454 415 320 319 292 290 283 168 118 92 77 46 4
97 97 97 82 80 79 79 78 71 70 64 63 62 60 53 50 48 45 35 33 26 20 16 16 15 4 2
88 82 79 75 71 71 68 67 62 49 25 24 19 14 10 8 6 2 2
100 98 96 95 95 78 74 72 68 66 61 57 52 51 32 27 25 21 20 20 18 11 11 8 2 1
99 97 90 88 87 86 86 81 76 76 73 71 62 52 45 45 40 39 38 38 35 33 22 21 19 17 14 11 1
80 79 78 74 70 45 35 30 27 19 6 2
100 88 88 81 81 81 77 73 67 54 49 42 38 32 30 16 10 9 9 8
78 77 77 74 66 60 41 39 37 37 20 17 7 7 2
98 97 96 89 87 81 74 73 73 61 51 46 34 32 25 19 17 12 12 6 4 1 1
100 98 88 85 81 80 77 67 65 65 64 54 52 52 51 39 28 27 27 22 15 14 12 12 12 9 9

0 └o 88 11 1
1  └o 87
2   └o 86 
3    └o 76 22 
4     └o 76 21 
5      └o 73 17 
6       ├o 71 
7       │└o 52 45 
8       │ └o 45 40 
9       │  └o 39 38 
7       └o 52 40 
8        ├o 45 45 
9        │└o 39 38 
8        └o 45 39 
9         └o 45 38 
